    0:     1     1    88
    1:    60    88   117
    2:   105   117   173
    3:   106   173   178
    4:   126   178   223
    5:   168   233   333
    6:   211   223   233
    7:   262   451   457
    8:   285   403   406
    9:   296   333   353
   10:   324   353   360
   11:   339   406   426
   12:   345   360   403
   13:   379   480   551
   14:   406   426   451
   15:   444   479   480
   16:   454   457   479
   17:   510   551   647
   18:   562   647   655
   19:   578   689   692
   20:   581   655   658
   21:   597   813   814
   22:   605   658   689
   23:   632   692   721
   24:   677   721   768
   25:   725   768   789
   26:   748   789   813
   27:   792   814   875
   28:   836   875   901
   29:   865   901   915
   30:   901   915   923
   31:   940   940  1024
   32:   974  1024  1057
   33:   977  1057  1072
   34:  1029  1072  1083
   35:  1030  1087  1162
   36:  1069  1083  1087
   37:  1132  1162  1173
   38:  1186  1186  1231
   39:  1223  1231  1251
   40:  1280  1280  1307
   41:  1337  1337  1349
   42:  1366  1366  1408
   43:  1422  1422  1474
   44:  1443  1474  1504
   45:  1481  1504  1516
   46:  1489  1549  1569
   47:  1498  1516  1536
   48:  1529  1536  1549
   49:  1563  1569  1624
SUM: 1624 1503 73.18 43.12 216
